1787498616 0 0
1787498626 0 0
1787498636 0 0
1787498646 0 0
1787498656 0 0
1787498666 0 0
1787498676 0 0
1787498686 0 0
1787498696 0 0
1787498706 0 0
1787498716 0 0
1787498726 0 0
1787498737 0 0
1787498747 0 0
1787498757 0 0
1787498767 0 0
1787498777 0 0
1787498787 0 0
1787498797 0 0
1787498807 0 0
1787498817 0 0
1787498827 0 0
1787498837 0 0
1787498847 0 0
1787498857 0 0
1787498867 0 0
1787498877 0 0
1787498887 0 0
1787498898 0 0
1787498908 0 0
1787498918 0 0
1787498928 0 0
1787498938 0 0
1787498948 0 0
1787498958 0 0
1787498968 0 0
1787498978 0 0
1787498988 0 0
1787498998 0 0
1787499008 0 0
1787499018 0 0
1787499028 0 0
1787499038 0 0
1787499048 0 0
1787499059 0 0
1787499069 0 0
1787499079 0 0
1787499089 0 0
1787499099 0 0
1787499109 0 0
1787499119 0 0
1787499129 0 0
1787499139 0 0
1787499149 0 0
1787499159 0 0
1787499169 0 0
1787499179 0 0
1787499189 0 0
1787499199 0 0
1787499209 0 0
1787499219 0 0
1787499230 0 0
1787499240 0 0
1787499250 0 0
1787499260 0 0
1787499270 0 0
1787499280 0 0
1787499290 0 0
1787499300 0 0
1787499310 0 0
1787499320 0 0
1787499330 0 0
1787499340 0 0
1787499350 0 0
1787499360 0 0
1787499370 0 0
1787499380 0 0
1787499391 0 0
1787499401 0 0
1787499411 0 0
1787499421 0 0
1787499431 0 0
1787499441 0 0
1787499451 0 0
1787499461 0 0
1787499471 0 0
1787499481 0 0
1787499491 0 0
1787499501 0 0
1787499511 0 0
1787499521 0 0
1787499531 0 0
1787499541 0 0
1787499551 0 0
1787499562 0 0
1787499572 0 0
1787499582 0 0
1787499592 0 0
1787499602 0 0
1787499612 0 0
1787499622 0 0
1787499632 0 0
1787499642 0 0
1787499652 0 0
1787499662 0 0
1787499672 0 0
1787499682 0 0
1787499692 0 0
1787499702 0 0
1787499712 0 0
1787499722 0 0
